76561197968165632
76561197968428949
76561197972787548
76561197974579292
76561197982552856
76561197985869326
76561197989960627
76561197997712292
76561198000111014
76561198000970193
76561198001412855
76561198005572669
76561198012491582
76561198017412898
76561198018207813
76561198018578905
76561198035509401
76561198036121210
76561198037420180
76561198039473313
76561198042836380
76561198046386542
76561198055420594
76561198061934094
76561198062112767
76561198063090000
76561198063948915
76561198065359827
76561198067799124
76561198068429874
76561198069291357
76561198075759809
76561198075906193
76561198075923045
76561198078690553
76561198079295532
76561198083089274
76561198083949486
76561198089675937
76561198090388595
76561198096866817
76561198098169760
76561198098318032
76561198100257415
76561198104745884
76561198105098440
76561198105737420
76561198109097193
76561198119586578
76561198121220262
76561198123158541
76561198123426975
76561198126159778
76561198126634202
76561198127849265
76561198128096103
76561198129420122
76561198130659094
76561198133841937
76561198134727247
76561198135666783
76561198136227869
76561198137658099
76561198145302349
76561198147277460
76561198148214909
76561198153181944
76561198153254699
76561198153541182
76561198154104198
76561198156126344
76561198157951224
76561198160988956
76561198169998706
76561198180195597
76561198190482079
76561198192842086
76561198200268041
76561198202308359
76561198203758172
76561198203918620
76561198206658677
76561198210164960
76561198211003269
76561198212276916
76561198217299731
76561198218424364
76561198228519064
76561198235240668
76561198236491828
76561198240805808
76561198241200062
76561198243248924
76561198245315262
76561198248994274
76561198255546265
76561198255763662
76561198258723604
76561198261846462
76561198267863183
76561198271850631
76561198273126858
76561198274209804
76561198274231117
76561198274417488
76561198274507164
76561198277627259
76561198291814372
76561198292555316
76561198302894018
76561198305250431
76561198306528591
76561198313168077
76561198313951885
76561198314836600
76561198314911697
76561198316334587
76561198319746954
76561198321690077
76561198322561288
76561198329153447
76561198330604549
76561198336647288
76561198341800810
76561198344733255
76561198346155127
76561198346309325
76561198346792371
76561198347978064
76561198349667523
76561198354349154
76561198355622870
76561198356726041
76561198359011813
76561198365073741
76561198366573188
76561198366629386
76561198369631873
76561198370293162
76561198372550264
76561198375273260
76561198375390365
76561198383993331
76561198384884367
76561198386413128
76561198390629399
76561198397500212
76561198401464718
76561198406608581
76561198408453389
76561198414010710
76561198424625680
76561198425297750
76561198432712663
76561198441297205
76561198450936559
76561198451885843
76561198806385885
76561198817635554
76561198817737520
76561198818679993
76561198820200732
76561198821886249
76561198825678389
76561198827297359
76561198828680317
76561198830568621
76561198834385408
76561198839612863
76561198842169244
76561198844803570
76561198844846842
76561198845094851
76561198845921093
76561198847065647
76561198847871736
76561198848021864
76561198849230568
76561198849248445
76561198852715020
76561198855768446
76561198856879912
76561198857563583
76561198857649472
76561198858803610
76561198859622491
76561198860261110
76561198868164015
76561198869478633
76561198869680413
76561198869901479
76561198873845068
76561198879755450
76561198882096940
76561198883094826
76561198891968125
76561198902582798
76561198915816376
76561198920751275
76561198936789863
76561198946334645
76561198952647301
76561198959436481
76561198971126353
76561198972507092
76561198973760867
76561198975788589
76561198984364638
76561198985463428
76561198986239325
76561198987298930
76561198988172004
76561198989830356
76561198989883175
76561198991518800
76561198996707313
76561198997075240
76561198998880228
76561199000680287
76561199001724138
76561199003473057
76561199008491342
76561199010123988
76561199012730723
76561199015855686
76561199018203932
76561199028900866
76561199036029471
76561199038394961
76561199041180269
76561199044048357
76561199046509632
76561199046791443
76561199047023902
76561199047813946
76561199049873506
76561199052694721
76561199054302291
76561199054903126
76561199056868640
76561199057461367
76561199059069247
76561199062497841
76561199062531406
76561199066475857
76561199074357972
76561199081046544
76561199089755826
76561199091224456
76561199091229423
76561199093917767
76561199096131866
76561199097157902
76561199097722411
76561199099976885
76561199100546403
76561199103098298
76561199104588667
76561199112200632
76561199112591796
76561199113282492
76561199113359401
76561199114217532
76561199115542776
76561199122053135
76561199122155899
76561199123665703
76561199124233942
76561199124860704
76561199125639965
76561199126349375
76561199127713633
76561199128836287
76561199130658908
76561199130839309
76561199131457031
76561199135728854
76561199139933688
76561199141117289
76561199142067563
76561199142332298
76561199150460017
76561199150703025
76561199155339629
76561199156410167
76561199158513589
76561199159889803
76561199162596306
76561199162854897
76561199163121254
76561199163606348
76561199166386778
76561199166479654
76561199170109745
76561199170983925
76561199171738087
76561199173201154
76561199174308094
76561199177322073
76561199177417720
76561199180262116
76561199180779480
76561199182403840
76561199183019051
76561199183243052
76561199185610270
76561199186482545
76561199188420437
76561199197995993
76561199200298895
76561199201231736
76561199201269983
76561199204011756
76561199204144632
76561199206225211
76561199208057960
76561199208237374
76561199209388230
76561199209981854
76561199210477973
76561199214183958
76561199214259899
76561199215957501
76561199218104990
76561199221227818
76561199221438778
76561199222150003
76561199223392231
76561199224744824
76561199225518205
76561199227207762
76561199228863105
76561199232106563
76561199232635254
76561199236474694
76561199236629855
76561199236832944
76561199237556498
76561199239077870
76561199239393880
76561199242946715
76561199245267514
76561199246576321
76561199246618239
76561199246637820
76561199248557960
76561199248654563
76561199250152348
76561199253926239
76561199256540891
76561199260883416
76561199261180957
76561199263487304
76561199271426739
76561199274876079
76561199274964182
76561199277758139
76561199279081070
76561199286786807
76561199309459342
76561199310029848
76561199310124064
76561199323256846
76561199327843645
76561199330874233
76561199342895383
76561199356871091
76561199368305461
76561199373122116
76561199375381959
76561199376516701
76561199379253208
76561199379714333
76561199379866656
76561199381643790
76561199384324461
76561199385819096
76561199388307079
76561199392526150
76561199394663311
76561199401240596
76561199403644294
76561199404118352
76561199404763373
76561199406934943
76561199418373890
76561199429881191
76561199431326458
76561199431562993
76561199437385885
76561199439117150
76561199439442981
76561199439509723
76561199441703051
76561199442004196
76561199446357277
76561199447071031
76561199451642594
76561199468803478
76561199469014537
76561199470364161
76561199472154690
76561199472226415
76561199473638042
76561199474371644
76561199475296315
76561199478326871
76561199479603898
76561199479913798
76561199486056173
76561199486428345
76561199487036934
76561199491138448
76561199493881734
76561199495954594
76561199499784470
76561199500286914
76561199503286318
76561199503687893
76561199504670689
76561199504912739
76561199506097879
76561199506797562
76561199507801470
76561199508463561
76561199509484081
76561199510465484
76561199511457681
76561199514422038
76561199516691970
76561199518993044
76561199519671193
76561199521737485
76561199521977794
76561199521990390
76561199522520786
76561199523147317
76561199524570344
76561199527016402
76561199527332112
76561199529082128
76561199529403693
76561199530333322
76561199532619504
76561199535990468
76561199538147622
76561199539059762
76561199539092429
76561199544786856
76561199545130476
76561199545569999
76561199545612302
76561199546100987
76561199546592376
76561199549241856
76561199551062239
76561199552210238
76561199553202754
76561199556921879
76561199558255735
76561199560051731
76561199560917234
76561199561490663
76561199563576668
76561199567835092
76561199569770286
76561199570542965
76561199570633645
76561199571150812
76561199571267916
76561199571941161
76561199573362495
76561199574576498
76561199575712996
76561199577166693
76561199577784575
76561199579945706
76561199585896884
76561199586400855
76561199586911535
76561199592067276
76561199592073068
76561199598875098
76561199619857359
76561199625861213
76561199628716127
76561199630074587
76561199630150408
76561199630597429
76561199631284129
76561199633513979
76561199634886264
76561199640038169
76561199641639209
76561199646672232
76561199647939357
76561199652528545
76561199652853407
76561199654509074
76561199654685786
76561199654822103
76561199655307003
76561199655843549
76561199655893822
76561199655911500
76561199657381910
76561199657807829
76561199657813749
76561199658469983
76561199658787378
76561199659817765
76561199660356399
76561199661298144
76561199666994494
76561199669054577
76561199672075138
76561199674646496
76561199676119300
76561199676135521
76561199676794332
76561199680032226
76561199680047102
76561199680089502
76561199680724773
76561199682335716
76561199689201213
76561199696057441
76561199697136826
76561199697219087
76561199697442073
76561199698500806
76561199698730835
76561199699795353
76561199702565412
76561199706785790
76561199708706807
76561199709618371
76561199712820153
76561199723538411
76561199726692811
76561199728364079
76561199729010829
76561199729716348
76561199730451014
76561199730525090
76561199731237600
76561199733527493
76561199735547067
76561199735673608
76561199737487871
76561199738503288
76561199739591876
76561199742385500
76561199744231502
76561199745482973
76561199746376804
76561199748734560
76561199749417953
76561199749663544
76561199750642650
76561199751056245
76561199751193843
76561199751229188
76561199751320422
76561199751578110
76561199751916973
76561199753156247
76561199753217736
76561199754561239
76561199757016403
76561199757644497
76561199758397736
76561199758765377
76561199758904568
76561199759633788
76561199759772813
76561199760494337
76561199761382379
76561199762359215
76561199762417754
76561199762489064
76561199762530975
76561199764006711
76561199765111768
76561199765640809
76561199766539523
76561199766641508
76561199766753563
76561199767480372
76561199768154472
76561199772131227
76561199773068228
76561199773510128
76561199774223365
76561199774949135
76561199775705261
76561199779375830
76561199779537594
76561199781328578
76561199782616977
76561199782927544
76561199783353892
76561199783401772
76561199783768475
76561199784154227
76561199784364542
76561199785103215
76561199785279782
76561199785626888
76561199786737546
76561199787634891
76561199787743922
76561199788092815
76561199788597199
76561199789146218
76561199789274563
76561199789548661
76561199790264898
76561199790448893
76561199792734499
76561199793160115
76561199793705565
76561199795273898
76561199795582295
76561199795766183
76561199796106212
76561199796492647
76561199796819533
76561199797968608
76561199798310620
76561199798934284
76561199798981205
76561199799593088
76561199799863816
76561199800314305
76561199800428159
76561199800561425
76561199801162334
76561199801248146
76561199801272681
76561199801468900
76561199801512999
76561199801703582
76561199802045356
76561199802108664
76561199802161115
76561199802227576
76561199802270297
76561199802292883
76561199802365360
76561199802411768
76561199802646655
76561199802720703
76561199802722575
76561199802954233
76561199803285031
76561199803372566
76561199803737759
76561199804297976
76561199804422977
76561199804508401
76561199804558013
76561199804565976
76561199804962748
76561199805214035
76561199805416603
76561199805754273
76561199805793614
76561199806410283
76561199807071307
76561199807286677
76561199807342120
76561199807769538
76561199807930669
76561199808998645
76561199809120488
76561199809643925
76561199809650481
76561199809978694
76561199810078231